%YAML:1.0
---
CameraExtrinsicMat: !!opencv-matrix
   rows: 4
   cols: 4
   dt: d
   data: [ 5.1657736217449068e-02, 3.1764084914648882e-03,
       9.9865979628599455e-01, 4.2600104212760925e-01,
       -9.9859925493389468e-01, -1.1296749545407936e-02,
       5.1690535837606577e-02, 9.9204435944557190e-02,
       1.1445799856674044e-02, -9.9993114456886700e-01,
       2.5883946448114759e-03, -6.5452575683593750e-01, 0., 0., 0., 1. ]
CameraMat: !!opencv-matrix
   rows: 3
   cols: 3
   dt: d
   data: [ 4.7219068520000001e+03, 0., 1.2031332680000000e+03, 0.,
       4.6994280879999997e+03, 6.6867341299999998e+02, 0., 0., 1. ]
DistCoeff: !!opencv-matrix
   rows: 1
   cols: 5
   dt: d
   data: [  -2.4716700000000000e-01, 1.0734200000000001e-01,
       1.2860000000000000e-03, 1.5310000000000000e-03, 0. ]
ImageSize: [ 1920, 1440 ]
ReprojectionError: 0
DistModel: plumb_bob
